FileNames 	 Precision 	 Recall 	 F-Score 	 Error 
2016-01-10-01-20-03-wahrsis3-undist.jpg 	 0.264672 	 1.000000 	 0.418562 	 73.532800 
2016-01-10-01-24-03-wahrsis3-undist.jpg 	 0.335893 	 1.000000 	 0.502874 	 66.410400 
2016-01-10-02-42-03-wahrsis3-undist.jpg 	 0.563488 	 1.000000 	 0.720809 	 43.651200 
2016-01-10-03-04-03-wahrsis3-undist.jpg 	 0.645624 	 1.000000 	 0.784656 	 35.437600 
2016-01-10-04-16-02-wahrsis3-undist.jpg 	 0.393800 	 1.000000 	 0.565074 	 60.620000 
2016-01-13-01-44-02-wahrsis3-undist.jpg 	 0.460980 	 1.000000 	 0.631056 	 53.902000 
2016-01-14-01-00-03-wahrsis3-undist.jpg 	 0.394739 	 1.000000 	 0.566040 	 60.525600 
2016-01-14-01-12-03-wahrsis3-undist.jpg 	 0.417052 	 1.000000 	 0.588619 	 58.294800 
2016-01-18-01-24-02-wahrsis3-undist.jpg 	 0.319456 	 1.000000 	 0.484224 	 68.054400 
2016-01-18-01-32-03-wahrsis3-undist.jpg 	 0.532632 	 1.000000 	 0.695055 	 46.736800 
2016-01-22-02-36-02-wahrsis3-undist.jpg 	 0.744156 	 1.000000 	 0.853314 	 25.584400 
2016-01-22-02-44-03-wahrsis3-undist.jpg 	 0.708540 	 1.000000 	 0.829410 	 29.146000 
2016-01-25-03-28-03-wahrsis3-undist.jpg 	 0.594592 	 1.000000 	 0.745761 	 40.540800 
2016-01-27-20-26-03-wahrsis3-undist.jpg 	 0.482648 	 1.000000 	 0.651062 	 51.735200 
2016-01-27-21-10-03-wahrsis3-undist.jpg 	 0.505128 	 1.000000 	 0.671209 	 49.487200 
2016-01-27-21-48-02-wahrsis3-undist.jpg 	 0.639492 	 1.000000 	 0.780110 	 36.050800 
2016-01-31-01-00-03-wahrsis3-undist.jpg 	 0.287200 	 1.000000 	 0.446240 	 71.280000 
2016-01-31-01-12-02-wahrsis3-undist.jpg 	 0.367448 	 1.000000 	 0.537422 	 63.255200 
2016-01-31-02-54-03-wahrsis3-undist.jpg 	 0.306884 	 1.000000 	 0.469642 	 69.311600 
2016-02-04-01-10-03-wahrsis3-undist.jpg 	 0.436868 	 1.000000 	 0.608084 	 56.313200 
2016-02-04-01-18-02-wahrsis3-undist.jpg 	 0.390088 	 1.000000 	 0.561242 	 60.991200 
2016-02-14-01-00-03-wahrsis3-undist.jpg 	 0.522712 	 1.000000 	 0.686554 	 47.728800 
2016-02-14-03-10-02-wahrsis3-undist.jpg 	 0.269636 	 1.000000 	 0.424745 	 73.036400 
2016-02-14-03-32-02-wahrsis3-undist.jpg 	 0.219308 	 1.000000 	 0.359725 	 78.069200 
2016-02-14-03-58-02-wahrsis3-undist.jpg 	 0.423696 	 1.000000 	 0.595206 	 57.630400 
2016-02-22-04-24-02-wahrsis3-undist.jpg 	 0.523252 	 1.000000 	 0.687020 	 47.674800 
2016-02-22-20-04-03-wahrsis3-undist.jpg 	 0.479116 	 1.000000 	 0.647841 	 52.088400 
2016-02-22-22-24-03-wahrsis3-undist.jpg 	 0.367972 	 1.000000 	 0.537982 	 63.202800 
2016-03-13-01-06-05-wahrsis3-undist.jpg 	 0.426724 	 1.000000 	 0.598187 	 57.327600 
2016-03-13-01-38-05-wahrsis3-undist.jpg 	 0.157076 	 1.000000 	 0.271505 	 84.292400 
2016-03-13-04-58-02-wahrsis3-undist.jpg 	 0.502532 	 1.000000 	 0.668914 	 49.746800 
2016-03-15-20-02-03-wahrsis3-undist.jpg 	 0.351936 	 1.000000 	 0.520640 	 64.806400 
2016-03-17-03-50-04-wahrsis3-undist.jpg 	 0.676908 	 1.000000 	 0.807329 	 32.309200 
2016-03-25-02-34-04-wahrsis3-undist.jpg 	 0.705148 	 1.000000 	 0.827081 	 29.485200 
2016-03-25-03-38-03-wahrsis3-undist.jpg 	 0.771100 	 1.000000 	 0.870758 	 22.890000 
2016-04-29-03-40-04-wahrsis3-undist.jpg 	 0.465272 	 1.000000 	 0.635066 	 53.472800 
2016-04-29-03-54-04-wahrsis3-undist.jpg 	 0.329408 	 1.000000 	 0.495571 	 67.059200 
2016-05-06-02-14-03-wahrsis3-undist.jpg 	 0.786864 	 1.000000 	 0.880721 	 21.313600 
2016-05-06-02-28-02-wahrsis3-undist.jpg 	 0.744832 	 1.000000 	 0.853758 	 25.516800 
2016-05-06-03-24-02-wahrsis3-undist.jpg 	 0.247248 	 1.000000 	 0.396470 	 75.275200 
2016-05-10-01-36-04-wahrsis3-undist.jpg 	 0.443824 	 1.000000 	 0.614790 	 55.617600 
2016-05-10-01-42-05-wahrsis3-undist.jpg 	 0.600116 	 1.000000 	 0.750091 	 39.988400 
2016-05-10-01-56-04-wahrsis3-undist.jpg 	 0.564840 	 1.000000 	 0.721914 	 43.516000 
2016-05-10-02-02-04-wahrsis3-undist.jpg 	 0.436064 	 1.000000 	 0.607304 	 56.393600 
2016-05-10-02-10-04-wahrsis3-undist.jpg 	 0.333532 	 1.000000 	 0.500223 	 66.646800 
2016-05-10-02-40-04-wahrsis3-undist.jpg 	 0.447580 	 1.000000 	 0.618384 	 55.242000 
2016-05-10-02-46-04-wahrsis3-undist.jpg 	 0.611452 	 1.000000 	 0.758883 	 38.854800 
2016-05-10-03-02-04-wahrsis3-undist.jpg 	 0.624424 	 1.000000 	 0.768794 	 37.557600 
2016-05-10-03-16-04-wahrsis3-undist.jpg 	 0.577328 	 1.000000 	 0.732033 	 42.267200 
2016-05-20-01-50-03-wahrsis3-undist.jpg 	 0.646740 	 1.000000 	 0.785479 	 35.326000 
2016-05-20-01-56-03-wahrsis3-undist.jpg 	 0.480324 	 1.000000 	 0.648944 	 51.967600 
2016-05-20-03-36-04-wahrsis3-undist.jpg 	 0.314040 	 1.000000 	 0.477976 	 68.596000 
2016-05-20-03-40-04-wahrsis3-undist.jpg 	 0.274524 	 1.000000 	 0.430787 	 72.547600 
2016-05-20-03-50-03-wahrsis3-undist.jpg 	 0.341040 	 1.000000 	 0.508620 	 65.896000 
2016-05-24-21-16-04-wahrsis3-undist.jpg 	 0.593952 	 1.000000 	 0.745257 	 40.604800 
2016-05-27-02-16-04-wahrsis3-undist.jpg 	 0.416737 	 1.000000 	 0.588305 	 58.325600 
2016-05-27-02-48-04-wahrsis3-undist.jpg 	 0.643124 	 1.000000 	 0.782806 	 35.687600 
2016-05-27-20-02-06-wahrsis3-undist.jpg 	 0.200548 	 1.000000 	 0.334094 	 79.945200 
2016-05-27-20-12-05-wahrsis3-undist.jpg 	 0.130324 	 1.000000 	 0.230596 	 86.967600 
2016-05-28-21-38-03-wahrsis3-undist.jpg 	 0.422304 	 1.000000 	 0.593831 	 57.769600 
2016-05-28-21-44-03-wahrsis3-undist.jpg 	 0.446908 	 1.000000 	 0.617742 	 55.309200 
2016-05-28-21-52-04-wahrsis3-undist.jpg 	 0.443296 	 1.000000 	 0.614283 	 55.670400 
2016-05-28-22-02-03-wahrsis3-undist.jpg 	 0.560288 	 1.000000 	 0.718185 	 43.971200 
2016-05-28-22-06-04-wahrsis3-undist.jpg 	 0.613748 	 1.000000 	 0.760649 	 38.625200 
2016-05-28-22-12-03-wahrsis3-undist.jpg 	 0.564724 	 1.000000 	 0.721819 	 43.527600 
2016-05-28-22-26-04-wahrsis3-undist.jpg 	 0.679912 	 1.000000 	 0.809461 	 32.008800 
2016-05-28-22-36-03-wahrsis3-undist.jpg 	 0.538784 	 1.000000 	 0.700272 	 46.121600 
2016-05-28-22-42-03-wahrsis3-undist.jpg 	 0.408664 	 1.000000 	 0.580215 	 59.133600 
2016-05-28-22-50-04-wahrsis3-undist.jpg 	 0.286312 	 1.000000 	 0.445167 	 71.368800 
2016-05-28-23-06-04-wahrsis3-undist.jpg 	 0.274680 	 1.000000 	 0.430979 	 72.532000 
2016-05-28-23-10-03-wahrsis3-undist.jpg 	 0.174260 	 1.000000 	 0.296800 	 82.574000 
2016-05-28-23-12-04-wahrsis3-undist.jpg 	 0.322076 	 1.000000 	 0.487228 	 67.792400 
2016-05-28-23-18-04-wahrsis3-undist.jpg 	 0.424080 	 1.000000 	 0.595585 	 57.592000 
2016-05-28-23-28-04-wahrsis3-undist.jpg 	 0.431348 	 1.000000 	 0.602716 	 56.865200 
2016-05-28-23-34-04-wahrsis3-undist.jpg 	 0.498332 	 1.000000 	 0.665182 	 50.166800 
2016-05-28-23-38-04-wahrsis3-undist.jpg 	 0.547474 	 1.000000 	 0.707571 	 45.252400 
2016-05-28-23-44-04-wahrsis3-undist.jpg 	 0.657848 	 1.000000 	 0.793617 	 34.215200 
2016-05-28-23-48-04-wahrsis3-undist.jpg 	 0.724428 	 1.000000 	 0.840195 	 27.557200 
2016-06-03-03-26-04-wahrsis3-undist.jpg 	 0.376160 	 1.000000 	 0.546681 	 62.384000 
2016-06-03-03-32-04-wahrsis3-undist.jpg 	 0.512452 	 1.000000 	 0.677644 	 48.754800 
2016-06-15-01-36-04-wahrsis3-undist.jpg 	 0.438600 	 1.000000 	 0.609759 	 56.140000 
2016-06-15-02-10-04-wahrsis3-undist.jpg 	 0.308652 	 1.000000 	 0.471710 	 69.134800 
2016-06-15-02-26-03-wahrsis3-undist.jpg 	 0.191860 	 1.000000 	 0.321951 	 80.814000 
2016-06-15-02-46-04-wahrsis3-undist.jpg 	 0.549364 	 1.000000 	 0.709148 	 45.063600 
2016-06-15-03-04-04-wahrsis3-undist.jpg 	 0.533312 	 1.000000 	 0.695634 	 46.668800 
2016-06-15-03-08-04-wahrsis3-undist.jpg 	 0.655788 	 1.000000 	 0.792116 	 34.421200 
2016-06-15-03-26-04-wahrsis3-undist.jpg 	 0.641796 	 1.000000 	 0.781822 	 35.820400 
2016-06-15-03-54-04-wahrsis3-undist.jpg 	 0.584732 	 1.000000 	 0.737957 	 41.526800 
2016-07-08-01-44-03-wahrsis3-undist.jpg 	 0.018832 	 1.000000 	 0.036968 	 98.115600 
2016-07-08-02-38-03-wahrsis3-undist.jpg 	 0.120200 	 0.999967 	 0.214605 	 87.980000 
2016-07-08-02-48-04-wahrsis3-undist.jpg 	 0.123348 	 0.999968 	 0.219608 	 87.665200 
2016-08-30-02-38-07-wahrsis3-undist.jpg 	 0.348876 	 1.000000 	 0.517284 	 65.112400 
2016-08-30-02-48-06-wahrsis3-undist.jpg 	 0.422076 	 1.000000 	 0.593605 	 57.792400 
2016-09-27-03-10-04-wahrsis3-undist.jpg 	 0.159504 	 1.000000 	 0.275125 	 84.049600 
2016-10-06-03-58-04-wahrsis3-undist.jpg 	 0.653904 	 1.000000 	 0.790740 	 34.609600 
2016-10-09-02-32-03-wahrsis3-undist.jpg 	 0.709424 	 1.000000 	 0.830015 	 29.057600 
2016-10-12-02-02-04-wahrsis3-undist.jpg 	 0.553376 	 1.000000 	 0.712482 	 44.662400 
2016-10-12-03-40-04-wahrsis3-undist.jpg 	 0.288040 	 1.000000 	 0.447253 	 71.196000 
2016-10-12-03-46-03-wahrsis3-undist.jpg 	 0.253968 	 1.000000 	 0.405063 	 74.603200 
2016-10-13-01-36-03-wahrsis3-undist.jpg 	 0.653772 	 1.000000 	 0.790643 	 34.622800 
2016-10-14-03-24-04-wahrsis3-undist.jpg 	 0.423300 	 1.000000 	 0.594815 	 57.670000 
2016-10-20-03-50-04-wahrsis3-undist.jpg 	 0.664536 	 1.000000 	 0.798464 	 33.546400 
2016-10-21-03-08-04-wahrsis3-undist.jpg 	 0.614864 	 1.000000 	 0.761506 	 38.513600 
2016-10-21-03-22-05-wahrsis3-undist.jpg 	 0.476236 	 1.000000 	 0.645203 	 52.376400 
2016-10-21-03-30-04-wahrsis3-undist.jpg 	 0.548832 	 1.000000 	 0.708704 	 45.116800 
2016-11-03-01-04-03-wahrsis3-undist.jpg 	 0.589652 	 1.000000 	 0.741863 	 41.034800 
2016-11-03-02-54-04-wahrsis3-undist.jpg 	 0.449116 	 1.000000 	 0.619848 	 55.088400 
2016-11-03-02-58-04-wahrsis3-undist.jpg 	 0.443184 	 1.000000 	 0.614175 	 55.681600 
2016-11-03-03-16-03-wahrsis3-undist.jpg 	 0.726236 	 1.000000 	 0.841410 	 27.376400 
2016-11-04-02-12-04-wahrsis3-undist.jpg 	 0.616992 	 1.000000 	 0.763136 	 38.300800 
2016-11-20-20-22-03-wahrsis3-undist.jpg 	 0.397756 	 1.000000 	 0.569135 	 60.224400 
2016-11-20-20-28-03-wahrsis3-undist.jpg 	 0.397472 	 1.000000 	 0.568844 	 60.252800 
2016-11-20-23-58-04-wahrsis3-undist.jpg 	 0.489528 	 1.000000 	 0.657293 	 51.047200 
2016-12-08-01-12-01-wahrsis3-undist.jpg 	 0.597684 	 1.000000 	 0.748188 	 40.231600 
2016-12-08-03-32-01-wahrsis3-undist.jpg 	 0.664068 	 1.000000 	 0.798126 	 33.593200 
