FileNames 	 Precision 	 Recall 	 F-Score 	 Error 
2016-01-10-01-20-03-wahrsis3-undist.jpg 	 0.938630 	 0.676112 	 0.786032 	 9.742400 
2016-01-10-01-24-03-wahrsis3-undist.jpg 	 0.989788 	 0.590952 	 0.740055 	 13.944400 
2016-01-10-02-42-03-wahrsis3-undist.jpg 	 0.999780 	 0.772787 	 0.871749 	 12.812800 
2016-01-10-03-04-03-wahrsis3-undist.jpg 	 0.999861 	 0.803632 	 0.891071 	 12.685200 
2016-01-10-04-16-02-wahrsis3-undist.jpg 	 0.933565 	 0.913215 	 0.923278 	 5.976800 
2016-01-13-01-44-02-wahrsis3-undist.jpg 	 0.514084 	 0.287275 	 0.368582 	 45.372400 
2016-01-14-01-00-03-wahrsis3-undist.jpg 	 0.999738 	 0.850989 	 0.919386 	 5.890800 
2016-01-14-01-12-03-wahrsis3-undist.jpg 	 0.999952 	 0.797004 	 0.887017 	 8.467600 
2016-01-18-01-24-02-wahrsis3-undist.jpg 	 0.818662 	 0.861940 	 0.839744 	 10.509600 
2016-01-18-01-32-03-wahrsis3-undist.jpg 	 0.935038 	 0.855780 	 0.893655 	 10.848400 
2016-01-22-02-36-02-wahrsis3-undist.jpg 	 0.961962 	 0.434721 	 0.598826 	 43.344800 
2016-01-22-02-44-03-wahrsis3-undist.jpg 	 0.995901 	 0.600830 	 0.749490 	 28.458000 
2016-01-25-03-28-03-wahrsis3-undist.jpg 	 0.989777 	 0.778315 	 0.871401 	 13.659200 
2016-01-27-20-26-03-wahrsis3-undist.jpg 	 0.993163 	 0.798197 	 0.885070 	 10.005200 
2016-01-27-21-10-03-wahrsis3-undist.jpg 	 0.979733 	 0.848284 	 0.909282 	 8.550000 
2016-01-27-21-48-02-wahrsis3-undist.jpg 	 0.998787 	 0.854678 	 0.921130 	 9.359600 
2016-01-31-01-00-03-wahrsis3-undist.jpg 	 0.987124 	 0.606476 	 0.751339 	 11.529200 
2016-01-31-01-12-02-wahrsis3-undist.jpg 	 0.981644 	 0.881975 	 0.929144 	 4.942800 
2016-01-31-02-54-03-wahrsis3-undist.jpg 	 0.992639 	 0.643292 	 0.780664 	 11.093200 
2016-02-04-01-10-03-wahrsis3-undist.jpg 	 0.994754 	 0.899402 	 0.944678 	 4.602000 
2016-02-04-01-18-02-wahrsis3-undist.jpg 	 0.970082 	 0.740110 	 0.839634 	 11.028400 
2016-02-14-01-00-03-wahrsis3-undist.jpg 	 0.999316 	 0.894634 	 0.944082 	 5.539600 
2016-02-14-03-10-02-wahrsis3-undist.jpg 	 0.818722 	 0.943761 	 0.876806 	 7.150800 
2016-02-14-03-32-02-wahrsis3-undist.jpg 	 0.853922 	 0.675653 	 0.754399 	 9.648000 
2016-02-14-03-58-02-wahrsis3-undist.jpg 	 0.989130 	 0.755967 	 0.856972 	 10.691600 
2016-02-22-04-24-02-wahrsis3-undist.jpg 	 0.698888 	 0.597142 	 0.644021 	 34.541600 
2016-02-22-20-04-03-wahrsis3-undist.jpg 	 0.989602 	 0.715902 	 0.830790 	 13.972000 
2016-02-22-22-24-03-wahrsis3-undist.jpg 	 0.995949 	 0.777733 	 0.873418 	 8.295200 
2016-03-13-01-06-05-wahrsis3-undist.jpg 	 0.961675 	 0.883456 	 0.920908 	 6.475600 
2016-03-13-01-38-05-wahrsis3-undist.jpg 	 0.707884 	 0.840740 	 0.768613 	 7.951200 
2016-03-13-04-58-02-wahrsis3-undist.jpg 	 0.958228 	 0.842653 	 0.896732 	 9.753200 
2016-03-15-20-02-03-wahrsis3-undist.jpg 	 0.919882 	 0.776448 	 0.842101 	 10.247600 
2016-03-17-03-50-04-wahrsis3-undist.jpg 	 0.997732 	 0.735810 	 0.846984 	 17.996400 
2016-03-25-02-34-04-wahrsis3-undist.jpg 	 0.999610 	 0.668875 	 0.801463 	 23.367600 
2016-03-25-03-38-03-wahrsis3-undist.jpg 	 1.000000 	 0.367252 	 0.537212 	 48.791200 
2016-04-29-03-40-04-wahrsis3-undist.jpg 	 0.993545 	 0.701293 	 0.822221 	 14.110000 
2016-04-29-03-54-04-wahrsis3-undist.jpg 	 0.983452 	 0.866694 	 0.921389 	 4.871600 
2016-05-06-02-14-03-wahrsis3-undist.jpg 	 0.998152 	 0.749583 	 0.856191 	 19.813600 
2016-05-06-02-28-02-wahrsis3-undist.jpg 	 0.998150 	 0.822988 	 0.902145 	 13.298000 
2016-05-06-03-24-02-wahrsis3-undist.jpg 	 0.987657 	 0.647269 	 0.782029 	 8.921200 
2016-05-10-01-36-04-wahrsis3-undist.jpg 	 0.987516 	 0.903295 	 0.943530 	 4.798800 
2016-05-10-01-42-05-wahrsis3-undist.jpg 	 0.993591 	 0.890761 	 0.939370 	 6.900400 
2016-05-10-01-56-04-wahrsis3-undist.jpg 	 0.996698 	 0.805814 	 0.891149 	 11.119200 
2016-05-10-02-02-04-wahrsis3-undist.jpg 	 0.974140 	 0.944733 	 0.959211 	 3.503600 
2016-05-10-02-10-04-wahrsis3-undist.jpg 	 0.969276 	 0.872852 	 0.918540 	 5.163600 
2016-05-10-02-40-04-wahrsis3-undist.jpg 	 0.987473 	 0.915796 	 0.950285 	 4.288800 
2016-05-10-02-46-04-wahrsis3-undist.jpg 	 0.998179 	 0.860463 	 0.924219 	 8.628000 
2016-05-10-03-02-04-wahrsis3-undist.jpg 	 0.993689 	 0.882567 	 0.934837 	 7.682800 
2016-05-10-03-16-04-wahrsis3-undist.jpg 	 0.995012 	 0.789194 	 0.880232 	 12.398800 
2016-05-20-01-50-03-wahrsis3-undist.jpg 	 0.969910 	 0.534682 	 0.689347 	 31.166800 
2016-05-20-01-56-03-wahrsis3-undist.jpg 	 0.998310 	 0.349314 	 0.517539 	 31.282400 
2016-05-20-03-36-04-wahrsis3-undist.jpg 	 0.999690 	 0.697580 	 0.821747 	 9.504000 
2016-05-20-03-40-04-wahrsis3-undist.jpg 	 0.999781 	 0.597310 	 0.747834 	 11.058400 
2016-05-20-03-50-03-wahrsis3-undist.jpg 	 0.996577 	 0.782020 	 0.876357 	 7.525600 
2016-05-24-21-16-04-wahrsis3-undist.jpg 	 0.997754 	 0.745077 	 0.853099 	 15.240800 
2016-05-27-02-16-04-wahrsis3-undist.jpg 	 0.985019 	 0.681580 	 0.805675 	 13.701600 
2016-05-27-02-48-04-wahrsis3-undist.jpg 	 0.999962 	 0.812497 	 0.896534 	 12.060800 
2016-05-27-20-02-06-wahrsis3-undist.jpg 	 0.877164 	 0.444662 	 0.590155 	 12.386000 
2016-05-27-20-12-05-wahrsis3-undist.jpg 	 0.399969 	 0.874405 	 0.548873 	 18.732400 
2016-05-28-21-38-03-wahrsis3-undist.jpg 	 0.998269 	 0.633506 	 0.775118 	 15.523600 
2016-05-28-21-44-03-wahrsis3-undist.jpg 	 0.995883 	 0.824930 	 0.902382 	 7.976400 
2016-05-28-21-52-04-wahrsis3-undist.jpg 	 0.998923 	 0.887281 	 0.939798 	 5.039200 
2016-05-28-22-02-03-wahrsis3-undist.jpg 	 0.995868 	 0.941259 	 0.967794 	 3.510000 
2016-05-28-22-06-04-wahrsis3-undist.jpg 	 0.998870 	 0.887191 	 0.939724 	 6.985200 
2016-05-28-22-12-03-wahrsis3-undist.jpg 	 0.999652 	 0.895935 	 0.944956 	 5.894400 
2016-05-28-22-26-04-wahrsis3-undist.jpg 	 0.999390 	 0.886268 	 0.939436 	 7.769600 
2016-05-28-22-36-03-wahrsis3-undist.jpg 	 0.992895 	 0.775049 	 0.870551 	 12.418800 
2016-05-28-22-42-03-wahrsis3-undist.jpg 	 0.996497 	 0.860316 	 0.923412 	 5.832000 
2016-05-28-22-50-04-wahrsis3-undist.jpg 	 0.950122 	 0.992917 	 0.971048 	 1.695200 
2016-05-28-23-06-04-wahrsis3-undist.jpg 	 0.963973 	 0.962808 	 0.963390 	 2.010000 
2016-05-28-23-10-03-wahrsis3-undist.jpg 	 0.951941 	 0.955721 	 0.953827 	 1.612400 
2016-05-28-23-12-04-wahrsis3-undist.jpg 	 0.991892 	 0.905513 	 0.946736 	 3.281600 
2016-05-28-23-18-04-wahrsis3-undist.jpg 	 0.990889 	 0.925250 	 0.956945 	 3.530800 
2016-05-28-23-28-04-wahrsis3-undist.jpg 	 0.994005 	 0.842586 	 0.912054 	 7.009200 
2016-05-28-23-34-04-wahrsis3-undist.jpg 	 0.997648 	 0.844256 	 0.914565 	 7.860400 
2016-05-28-23-38-04-wahrsis3-undist.jpg 	 0.999588 	 0.887066 	 0.939972 	 6.202800 
2016-05-28-23-44-04-wahrsis3-undist.jpg 	 0.999959 	 0.745735 	 0.854336 	 16.728800 
2016-05-28-23-48-04-wahrsis3-undist.jpg 	 0.999867 	 0.874593 	 0.933044 	 9.093200 
2016-06-03-03-26-04-wahrsis3-undist.jpg 	 0.948053 	 0.910772 	 0.929039 	 5.233600 
2016-06-03-03-32-04-wahrsis3-undist.jpg 	 0.978484 	 0.714198 	 0.825709 	 15.450800 
2016-06-15-01-36-04-wahrsis3-undist.jpg 	 0.985122 	 0.846621 	 0.910635 	 7.288000 
2016-06-15-02-10-04-wahrsis3-undist.jpg 	 0.971496 	 0.663427 	 0.788437 	 10.989200 
2016-06-15-02-26-03-wahrsis3-undist.jpg 	 0.965655 	 0.929699 	 0.947336 	 1.983200 
2016-06-15-02-46-04-wahrsis3-undist.jpg 	 0.995145 	 0.702966 	 0.823919 	 16.506400 
2016-06-15-03-04-04-wahrsis3-undist.jpg 	 0.993042 	 0.610119 	 0.755849 	 21.020800 
2016-06-15-03-08-04-wahrsis3-undist.jpg 	 0.994278 	 0.815013 	 0.895765 	 12.438800 
2016-06-15-03-26-04-wahrsis3-undist.jpg 	 0.986491 	 0.910277 	 0.946853 	 6.558400 
2016-06-15-03-54-04-wahrsis3-undist.jpg 	 0.993035 	 0.618362 	 0.762140 	 22.569200 
2016-07-08-01-44-03-wahrsis3-undist.jpg 	 0.122077 	 0.979184 	 0.217089 	 13.300400 
2016-07-08-02-38-03-wahrsis3-undist.jpg 	 0.994633 	 0.703038 	 0.823793 	 3.615200 
2016-07-08-02-48-04-wahrsis3-undist.jpg 	 0.964751 	 0.528082 	 0.682552 	 6.059200 
2016-08-30-02-38-07-wahrsis3-undist.jpg 	 0.991241 	 0.775920 	 0.870463 	 8.056800 
2016-08-30-02-48-06-wahrsis3-undist.jpg 	 0.992717 	 0.737649 	 0.846384 	 11.301600 
2016-09-27-03-10-04-wahrsis3-undist.jpg 	 0.509200 	 0.790425 	 0.619386 	 15.494800 
2016-10-06-03-58-04-wahrsis3-undist.jpg 	 1.000000 	 0.630582 	 0.773444 	 24.156400 
2016-10-09-02-32-03-wahrsis3-undist.jpg 	 0.999989 	 0.503817 	 0.670049 	 35.200800 
2016-10-12-02-02-04-wahrsis3-undist.jpg 	 0.996391 	 0.652489 	 0.788577 	 19.361200 
2016-10-12-03-40-04-wahrsis3-undist.jpg 	 0.998521 	 0.768879 	 0.868781 	 6.690000 
2016-10-12-03-46-03-wahrsis3-undist.jpg 	 0.992260 	 0.870283 	 0.927277 	 3.466800 
2016-10-13-01-36-03-wahrsis3-undist.jpg 	 0.996149 	 0.656755 	 0.791608 	 22.606400 
2016-10-14-03-24-04-wahrsis3-undist.jpg 	 0.897456 	 0.899882 	 0.898668 	 8.590400 
2016-10-20-03-50-04-wahrsis3-undist.jpg 	 0.999482 	 0.673619 	 0.804817 	 21.712400 
2016-10-21-03-08-04-wahrsis3-undist.jpg 	 0.998897 	 0.500696 	 0.667039 	 30.734400 
2016-10-21-03-22-05-wahrsis3-undist.jpg 	 0.988119 	 0.646839 	 0.781860 	 17.189200 
2016-10-21-03-30-04-wahrsis3-undist.jpg 	 0.996978 	 0.841627 	 0.912740 	 8.832000 
2016-11-03-01-04-03-wahrsis3-undist.jpg 	 0.996811 	 0.727276 	 0.840975 	 16.218400 
2016-11-03-02-54-04-wahrsis3-undist.jpg 	 0.998257 	 0.790602 	 0.882377 	 9.466400 
2016-11-03-02-58-04-wahrsis3-undist.jpg 	 0.999352 	 0.640339 	 0.780542 	 15.958000 
2016-11-03-03-16-03-wahrsis3-undist.jpg 	 0.994614 	 0.378334 	 0.548158 	 45.296400 
2016-11-04-02-12-04-wahrsis3-undist.jpg 	 1.000000 	 0.798617 	 0.888034 	 12.425200 
2016-11-20-20-22-03-wahrsis3-undist.jpg 	 0.913654 	 0.872666 	 0.892689 	 8.345200 
2016-11-20-20-28-03-wahrsis3-undist.jpg 	 0.971517 	 0.882870 	 0.925075 	 5.684400 
2016-11-20-23-58-04-wahrsis3-undist.jpg 	 0.980267 	 0.487090 	 0.650800 	 25.588400 
2016-12-08-01-12-01-wahrsis3-undist.jpg 	 0.987031 	 0.948394 	 0.967327 	 3.829200 
2016-12-08-03-32-01-wahrsis3-undist.jpg 	 0.999920 	 0.602089 	 0.751607 	 26.427200 
