FileNames 	 Precision 	 Recall 	 F-Score 	 Error 
2016-01-10-01-20-03-wahrsis3-undist.jpg 	 0.975067 	 0.153669 	 0.265497 	 22.504000 
2016-01-10-01-24-03-wahrsis3-undist.jpg 	 0.951763 	 0.064616 	 0.121016 	 31.528800 
2016-01-10-02-42-03-wahrsis3-undist.jpg 	 0.820669 	 0.001917 	 0.003824 	 56.264400 
2016-01-10-03-04-03-wahrsis3-undist.jpg 	 1.000000 	 0.001487 	 0.002969 	 64.466400 
2016-01-10-04-16-02-wahrsis3-undist.jpg 	 0.999553 	 0.227191 	 0.370232 	 30.437200 
2016-01-13-01-44-02-wahrsis3-undist.jpg 	 0.930223 	 0.056219 	 0.106031 	 43.700800 
2016-01-14-01-00-03-wahrsis3-undist.jpg 	 0.996222 	 0.577165 	 0.730888 	 16.777200 
2016-01-14-01-12-03-wahrsis3-undist.jpg 	 0.994182 	 0.395011 	 0.565382 	 25.327600 
2016-01-18-01-24-02-wahrsis3-undist.jpg 	 0.989017 	 0.068779 	 0.128615 	 29.772800 
2016-01-18-01-32-03-wahrsis3-undist.jpg 	 0.992366 	 0.023431 	 0.045781 	 52.024800 
2016-01-22-02-36-02-wahrsis3-undist.jpg 	 0.694576 	 0.239541 	 0.356228 	 64.428400 
2016-01-22-02-44-03-wahrsis3-undist.jpg 	 0.926069 	 0.338866 	 0.496173 	 48.760800 
2016-01-25-03-28-03-wahrsis3-undist.jpg 	 0.986928 	 0.553119 	 0.708924 	 27.006800 
2016-01-27-20-26-03-wahrsis3-undist.jpg 	 0.968815 	 0.318742 	 0.479671 	 33.376000 
2016-01-27-21-10-03-wahrsis3-undist.jpg 	 0.967841 	 0.769524 	 0.857363 	 12.933600 
2016-01-27-21-48-02-wahrsis3-undist.jpg 	 0.800847 	 0.001182 	 0.002361 	 63.892400 
2016-01-31-01-00-03-wahrsis3-undist.jpg 	 0.970163 	 0.838691 	 0.899649 	 5.373600 
2016-01-31-01-12-02-wahrsis3-undist.jpg 	 0.947317 	 0.764963 	 0.846429 	 10.199600 
2016-01-31-02-54-03-wahrsis3-undist.jpg 	 0.840824 	 0.693747 	 0.760238 	 13.428800 
2016-02-04-01-10-03-wahrsis3-undist.jpg 	 1.000000 	 0.129888 	 0.229913 	 38.012400 
2016-02-04-01-18-02-wahrsis3-undist.jpg 	 1.000000 	 0.220617 	 0.361484 	 30.402800 
2016-02-14-01-00-03-wahrsis3-undist.jpg 	 0.651568 	 0.002862 	 0.005699 	 52.201600 
2016-02-14-03-10-02-wahrsis3-undist.jpg 	 0.961776 	 0.080998 	 0.149413 	 24.866400 
2016-02-14-03-32-02-wahrsis3-undist.jpg 	 1.000000 	 0.022398 	 0.043814 	 21.439600 
2016-02-14-03-58-02-wahrsis3-undist.jpg 	 0.961269 	 0.038896 	 0.074766 	 40.788000 
2016-02-22-04-24-02-wahrsis3-undist.jpg 	 0.354011 	 0.272572 	 0.307999 	 64.088400 
2016-02-22-20-04-03-wahrsis3-undist.jpg 	 0.998614 	 0.378906 	 0.549365 	 29.782800 
2016-02-22-22-24-03-wahrsis3-undist.jpg 	 0.973033 	 0.531867 	 0.687785 	 17.768400 
2016-03-13-01-06-05-wahrsis3-undist.jpg 	 0.994708 	 0.126855 	 0.225014 	 37.288000 
2016-03-13-01-38-05-wahrsis3-undist.jpg 	 0.950129 	 0.328452 	 0.488154 	 10.819200 
2016-03-13-04-58-02-wahrsis3-undist.jpg 	 1.000000 	 0.002945 	 0.005873 	 50.105200 
2016-03-15-20-02-03-wahrsis3-undist.jpg 	 0.983888 	 0.248477 	 0.396755 	 26.592000 
2016-03-17-03-50-04-wahrsis3-undist.jpg 	 1.000000 	 0.001052 	 0.002101 	 67.619600 
2016-03-25-02-34-04-wahrsis3-undist.jpg 	 0.999529 	 0.433327 	 0.604559 	 39.973200 
2016-03-25-03-38-03-wahrsis3-undist.jpg 	 0.983611 	 0.278330 	 0.433884 	 56.005600 
2016-04-29-03-40-04-wahrsis3-undist.jpg 	 0.985161 	 0.589599 	 0.737700 	 19.508000 
2016-04-29-03-54-04-wahrsis3-undist.jpg 	 0.970899 	 0.487371 	 0.648972 	 17.367600 
2016-05-06-02-14-03-wahrsis3-undist.jpg 	 0.999933 	 0.075479 	 0.140363 	 72.747600 
2016-05-06-02-28-02-wahrsis3-undist.jpg 	 1.000000 	 0.007792 	 0.015464 	 73.902800 
2016-05-06-03-24-02-wahrsis3-undist.jpg 	 0.993217 	 0.289005 	 0.447731 	 17.628000 
2016-05-10-01-36-04-wahrsis3-undist.jpg 	 0.936929 	 0.009238 	 0.018295 	 44.000000 
2016-05-10-01-42-05-wahrsis3-undist.jpg 	 0.975577 	 0.034347 	 0.066357 	 58.002000 
2016-05-10-01-56-04-wahrsis3-undist.jpg 	 0.981572 	 0.044133 	 0.084468 	 54.038000 
2016-05-10-02-02-04-wahrsis3-undist.jpg 	 0.865599 	 0.011402 	 0.022508 	 43.186400 
2016-05-10-02-10-04-wahrsis3-undist.jpg 	 0.941896 	 0.003694 	 0.007359 	 33.237600 
2016-05-10-02-40-04-wahrsis3-undist.jpg 	 0.806375 	 0.006104 	 0.012116 	 44.550400 
2016-05-10-02-46-04-wahrsis3-undist.jpg 	 0.932127 	 0.006738 	 0.013379 	 60.763200 
2016-05-10-03-02-04-wahrsis3-undist.jpg 	 0.997044 	 0.118836 	 0.212361 	 55.044000 
2016-05-10-03-16-04-wahrsis3-undist.jpg 	 0.993844 	 0.153237 	 0.265533 	 48.940800 
2016-05-20-01-50-03-wahrsis3-undist.jpg 	 0.851817 	 0.362749 	 0.508816 	 45.294800 
2016-05-20-01-56-03-wahrsis3-undist.jpg 	 0.861616 	 0.267653 	 0.408430 	 37.241200 
2016-05-20-03-36-04-wahrsis3-undist.jpg 	 0.838647 	 0.590001 	 0.692687 	 16.440400 
2016-05-20-03-40-04-wahrsis3-undist.jpg 	 0.872792 	 0.835759 	 0.853874 	 7.852800 
2016-05-20-03-50-03-wahrsis3-undist.jpg 	 0.945117 	 0.661682 	 0.778401 	 12.848400 
2016-05-24-21-16-04-wahrsis3-undist.jpg 	 1.000000 	 0.000013 	 0.000027 	 59.394400 
2016-05-27-02-16-04-wahrsis3-undist.jpg 	 0.982236 	 0.325879 	 0.489391 	 28.338400 
2016-05-27-02-48-04-wahrsis3-undist.jpg 	 0.018392 	 0.001791 	 0.003265 	 70.345600 
2016-05-27-20-02-06-wahrsis3-undist.jpg 	 0.713153 	 0.550571 	 0.621404 	 13.454400 
2016-05-27-20-12-05-wahrsis3-undist.jpg 	 0.573211 	 0.627452 	 0.599106 	 10.943600 
2016-05-28-21-38-03-wahrsis3-undist.jpg 	 0.744604 	 0.001961 	 0.003911 	 42.176000 
2016-05-28-21-44-03-wahrsis3-undist.jpg 	 0.755155 	 0.002622 	 0.005227 	 44.611600 
2016-05-28-21-52-04-wahrsis3-undist.jpg 	 0.722222 	 0.002229 	 0.004444 	 44.268800 
2016-05-28-22-02-03-wahrsis3-undist.jpg 	 0.734663 	 0.003420 	 0.006808 	 55.906400 
2016-05-28-22-06-04-wahrsis3-undist.jpg 	 0.768882 	 0.003317 	 0.006606 	 61.232400 
2016-05-28-22-12-03-wahrsis3-undist.jpg 	 0.787402 	 0.002833 	 0.005646 	 56.355600 
2016-05-28-22-26-04-wahrsis3-undist.jpg 	 0.828151 	 0.002977 	 0.005932 	 67.830800 
2016-05-28-22-36-03-wahrsis3-undist.jpg 	 0.693878 	 0.002019 	 0.004027 	 53.817600 
2016-05-28-22-42-03-wahrsis3-undist.jpg 	 0.801567 	 0.003005 	 0.005987 	 40.774000 
2016-05-28-22-50-04-wahrsis3-undist.jpg 	 0.821530 	 0.004052 	 0.008063 	 28.540400 
2016-05-28-23-06-04-wahrsis3-undist.jpg 	 0.819588 	 0.004631 	 0.009210 	 27.368800 
2016-05-28-23-10-03-wahrsis3-undist.jpg 	 0.803526 	 0.007322 	 0.014513 	 17.329600 
2016-05-28-23-12-04-wahrsis3-undist.jpg 	 0.787815 	 0.004657 	 0.009260 	 32.098000 
2016-05-28-23-18-04-wahrsis3-undist.jpg 	 0.869058 	 0.009140 	 0.018089 	 42.078800 
2016-05-28-23-28-04-wahrsis3-undist.jpg 	 0.982770 	 0.028562 	 0.055510 	 41.924400 
2016-05-28-23-34-04-wahrsis3-undist.jpg 	 0.688291 	 0.003492 	 0.006948 	 49.738000 
2016-05-28-23-38-04-wahrsis3-undist.jpg 	 0.988369 	 0.213571 	 0.351243 	 43.192400 
2016-05-28-23-44-04-wahrsis3-undist.jpg 	 0.991977 	 0.219522 	 0.359490 	 51.460400 
2016-05-28-23-48-04-wahrsis3-undist.jpg 	 0.995136 	 0.274495 	 0.430298 	 52.654800 
2016-06-03-03-26-04-wahrsis3-undist.jpg 	 0.956361 	 0.013749 	 0.027109 	 37.122400 
2016-06-03-03-32-04-wahrsis3-undist.jpg 	 0.925018 	 0.019740 	 0.038656 	 50.315600 
2016-06-15-01-36-04-wahrsis3-undist.jpg 	 0.797688 	 0.002517 	 0.005018 	 43.777600 
2016-06-15-02-10-04-wahrsis3-undist.jpg 	 0.917503 	 0.010666 	 0.021086 	 30.565600 
2016-06-15-02-26-03-wahrsis3-undist.jpg 	 0.873045 	 0.019785 	 0.038694 	 18.861600 
2016-06-15-02-46-04-wahrsis3-undist.jpg 	 0.954253 	 0.028098 	 0.054589 	 53.466800 
2016-06-15-03-04-04-wahrsis3-undist.jpg 	 0.995873 	 0.061532 	 0.115904 	 50.063200 
2016-06-15-03-08-04-wahrsis3-undist.jpg 	 0.990699 	 0.018841 	 0.036980 	 64.354800 
2016-06-15-03-26-04-wahrsis3-undist.jpg 	 0.988923 	 0.125753 	 0.223133 	 56.199200 
2016-06-15-03-54-04-wahrsis3-undist.jpg 	 0.995341 	 0.040921 	 0.078611 	 56.091600 
2016-07-08-01-44-03-wahrsis3-undist.jpg 	 0.563050 	 0.285472 	 0.378858 	 1.762800 
2016-07-08-02-38-03-wahrsis3-undist.jpg 	 0.943382 	 0.121427 	 0.215160 	 10.648400 
2016-07-08-02-48-04-wahrsis3-undist.jpg 	 0.938915 	 0.084733 	 0.155439 	 11.358000 
2016-08-30-02-38-07-wahrsis3-undist.jpg 	 1.000000 	 0.000378 	 0.000756 	 34.874400 
2016-08-30-02-48-06-wahrsis3-undist.jpg 	 1.000000 	 0.011325 	 0.022396 	 41.729600 
2016-09-27-03-10-04-wahrsis3-undist.jpg 	 0.883255 	 0.739191 	 0.804827 	 5.718400 
2016-10-06-03-58-04-wahrsis3-undist.jpg 	 NaN 	 0.000000 	 NaN 	 65.390400 
2016-10-09-02-32-03-wahrsis3-undist.jpg 	 1.000000 	 0.003327 	 0.006631 	 70.706400 
2016-10-12-02-02-04-wahrsis3-undist.jpg 	 0.999387 	 0.612459 	 0.759481 	 21.466400 
2016-10-12-03-40-04-wahrsis3-undist.jpg 	 0.978785 	 0.121733 	 0.216535 	 25.373600 
2016-10-12-03-46-03-wahrsis3-undist.jpg 	 NaN 	 0.000000 	 NaN 	 25.396800 
2016-10-13-01-36-03-wahrsis3-undist.jpg 	 0.990122 	 0.623110 	 0.764868 	 25.046400 
2016-10-14-03-24-04-wahrsis3-undist.jpg 	 0.948942 	 0.747111 	 0.836017 	 12.406400 
2016-10-20-03-50-04-wahrsis3-undist.jpg 	 0.999503 	 0.677754 	 0.807768 	 21.436800 
2016-10-21-03-08-04-wahrsis3-undist.jpg 	 NaN 	 0.000000 	 NaN 	 61.486400 
2016-10-21-03-22-05-wahrsis3-undist.jpg 	 1.000000 	 0.015043 	 0.029640 	 46.907200 
2016-10-21-03-30-04-wahrsis3-undist.jpg 	 0.991431 	 0.635816 	 0.774766 	 20.289200 
2016-11-03-01-04-03-wahrsis3-undist.jpg 	 0.999890 	 0.061901 	 0.116584 	 55.315600 
2016-11-03-02-54-04-wahrsis3-undist.jpg 	 NaN 	 0.000000 	 NaN 	 44.911600 
2016-11-03-02-58-04-wahrsis3-undist.jpg 	 1.000000 	 0.000343 	 0.000686 	 44.303200 
2016-11-03-03-16-03-wahrsis3-undist.jpg 	 1.000000 	 0.027110 	 0.052788 	 70.654800 
2016-11-04-02-12-04-wahrsis3-undist.jpg 	 1.000000 	 0.000006 	 0.000013 	 61.698800 
2016-11-20-20-22-03-wahrsis3-undist.jpg 	 0.822660 	 0.003359 	 0.006690 	 39.670800 
2016-11-20-20-28-03-wahrsis3-undist.jpg 	 0.714286 	 0.000101 	 0.000201 	 39.744800 
2016-11-20-23-58-04-wahrsis3-undist.jpg 	 0.993154 	 0.125648 	 0.223073 	 42.844400 
2016-12-08-01-12-01-wahrsis3-undist.jpg 	 NaN 	 0.000000 	 NaN 	 59.768400 
2016-12-08-03-32-01-wahrsis3-undist.jpg 	 1.000000 	 0.000006 	 0.000012 	 66.406400 
